+902127053327
+902127065148
+902129220066
+902129220071
+902129220075
+902129220284
+902129220343
+902129220355
+902129220375
+902129220373
+902129220397
+902129220672
+902129220791
+902129220822
+902129221267
+902129221321
+902129221658
+902129222996
+902129223279
+902129224057
+902129224072
+902129224160
+902129224178
+902129224230
+902129224238
+902129224305
+902129452278
+902129452899
+902162030696
+902162050268
+902162050399
+902162662736
+902169902138
+902169902732
+903124040738
+903124040783
+903125616023
+903125616035
+903125616073
+903128900667
+905344511000
+905535386701
+908503010371
+908503099751
+908504300213
+908504300388
+908504301319
+908504301875
+908504304139
+908504304493
+908504304572
+908504304580
+908504304680
+908504304843
+908504305461
+908504306124
+908504306712
+908504306728
+908504430216
+908504431286
+908504432902
+908504801591
+908504801593
+908504840405
+908504840457
+908504840389
+908504840461
+908504840849
+908504840883
+908504841186
+908504841464
+908504841480
+908504841520
+908504841633
+908504841652
+908504841667
+908504841671
+908504841674
+908504841684
+908504841760
+908504841765
+908504841785
+908504841791
+908504841827
+908504841882
+908504841947
+908504841967
+908504842086
+908504842155
+908504842174
+908504842230
+908504842231
+908504842276
+908504842310
+908504842426
+908504842430
+908504842442
+908504842476
+908504842548
+908504842558
+908504842756
+908504842772
+908504842787
+908504842814
+908504842840
+908504842987
+908504843011
+908504843512
+908504843621
+908505120007
+908505120008
+908505120014
+908505120027
+908505120109
+908505120244
+908505120250
+908505120251
+908505120335
+908505120338
+908505120349
+908505120359
+908505120361
+908505120442
+908505120476
+908505120478
+908505120484
+908505120573
+908505120675
+908505120676
+908505120724
+908505120795
+908505600625
+908505602051
+908505602440
+908505602467
+908505602715
+908505602719
+908505602816
+908509010328
+908509010352
+908509010417
+908509010576
+908509010588
+908509010598
+908509010646
+908509010672
+908509010676
+908509010677
+908509010678
+908509010688
+908509010713
+908509010744
+908509010747
+908509010760
+908509010790
+908509010795
+908509010799
+908509010806
+908503010823
+908509010824
+908509010854
+908509010866
+908509010870
+908509010889
+908509010914
+908509010932
+908509010941
+908509010961
+908509449501
